sri,12345678
